# Created by Octave 7.3.0, Wed Jul 19 19:17:13 2023 PDT <claudio@ncc91277>
# name: A
# type: matrix
# rows: 4
# columns: 6
 11 12 13 14 15 16
 21 22 23 24 25 26
 31 32 33 34 35 36
 41 42 43 44 45 46


