# Created by Octave 7.3.0, Thu Jul 20 03:07:03 2023 PDT <claudio@ncc91277>
# name: a
# type: scalar
3


# name: b
# type: matrix
# rows: 1
# columns: 3
 4 5 6


# name: C
# type: matrix
# rows: 2
# columns: 5
 1 2 3 4 5
 6 7 8 9 0


